[Banyak titik]
8
[Bobot sisi]
 9.00000000000000E+0000
 1.50000000000000E+0001
 8.00000000000000E+0000
 1.00000000000000E+0001
 1.10000000000000E+0001
 4.00000000000000E+0000
 1.70000000000000E+0001
 5.00000000000000E+0000
 1.80000000000000E+0001
 1.20000000000000E+0001
 9.00000000000000E+0000
 8.00000000000000E+0000
 1.00000000000000E+0001
 6.00000000000000E+0000
 1.40000000000000E+0001
 1.90000000000000E+0001
 1.00000000000000E+0001
 1.20000000000000E+0001
 7.00000000000000E+0000
 9.00000000000000E+0000
 1.10000000000000E+0001
 1.50000000000000E+0001
 7.00000000000000E+0000
 4.00000000000000E+0000
 1.20000000000000E+0001
 1.00000000000000E+0001
 1.90000000000000E+0001
 2.00000000000000E+0001
[Banyak arCust]
7
[Parameter permintaan]
25
10
15
20
30
10
20
[Kapasitas Kendaraan]
65
[Posisi titik]
345 364
216 278
263 99
519 59
537 323
638 529
395 537
79 580
14 0
